<svg width="256" height="256" viewBox="0 0 256 256" fill="none" xmlns="http://www.w3.org/2000/svg">
<rect width="256" height="256" rx="60" fill="#CDFFCC"/>
<g clip-path="url(#clip0_0_1)">
<path d="M128.499 194.304C87.8031 194.304 54.6932 161.197 54.6932 120.499C54.6932 79.8016 87.8031 46.6947 128.499 46.6947C169.195 46.6947 202.305 79.8047 202.305 120.501C202.305 161.197 169.195 194.304 128.499 194.304Z" fill="#85EA2D"/>
<path d="M128.499 50.3879C167.222 50.3879 198.611 81.7767 198.611 120.499C198.611 159.22 167.222 190.611 128.499 190.611C89.7783 190.611 58.3879 159.22 58.3879 120.499C58.3879 81.7783 89.7783 50.3879 128.499 50.3879ZM128.499 43C85.766 43 51 77.766 51 120.499C51 163.232 85.766 197.998 128.499 197.998C171.232 197.998 206 163.232 206 120.499C206 77.766 171.232 43 128.499 43Z" fill="#173647"/>
<path d="M99.7997 95.4449C99.5611 98.097 99.888 100.839 99.7114 103.521C99.5023 106.204 99.1739 108.856 98.6378 111.508C97.8927 115.293 95.538 118.154 92.291 120.538C98.61 124.651 99.3241 131.027 99.7408 137.495C99.95 140.982 99.8601 144.499 100.218 147.955C100.486 150.636 101.529 151.323 104.302 151.411C105.434 151.44 106.594 151.411 107.908 151.411V159.696C99.713 161.096 92.9478 158.772 91.2778 151.829C90.7403 149.296 90.3824 146.703 90.2647 144.08C90.085 141.309 90.3824 138.537 90.1748 135.766C89.5784 128.166 88.5947 125.604 81.3246 125.246V115.799C81.8606 115.68 82.3671 115.59 82.9032 115.531C86.8969 115.322 88.5947 114.1 89.4591 110.166C89.8774 107.962 90.116 105.727 90.2043 103.462C90.5033 99.1411 90.384 94.7307 91.1276 90.4396C92.1702 84.2708 95.9857 81.2903 102.334 80.9324C104.122 80.8426 105.941 80.9324 107.996 80.9324V89.397C107.132 89.4574 106.387 89.5751 105.612 89.5751C100.457 89.3954 100.187 91.1537 99.7997 95.4449ZM109.724 115.054H109.604C106.624 114.905 104.061 117.229 103.911 120.21C103.762 123.22 106.086 125.783 109.067 125.931H109.425C112.376 126.11 114.907 123.844 115.087 120.894V120.597C115.147 117.587 112.734 115.114 109.724 115.054ZM128.409 115.054C125.519 114.964 123.104 117.229 123.015 120.09C123.015 120.27 123.015 120.419 123.046 120.597C123.046 123.845 125.251 125.932 128.589 125.932C131.867 125.932 133.924 123.787 133.924 120.419C133.893 117.17 131.717 115.025 128.409 115.054ZM147.543 115.054C144.503 114.994 141.969 117.409 141.881 120.448C141.881 123.488 144.324 125.931 147.363 125.931H147.424C150.166 126.408 152.937 123.756 153.117 120.567C153.264 117.616 150.582 115.054 147.543 115.054ZM173.798 115.5C170.34 115.351 168.611 114.19 167.748 110.91C167.211 108.825 166.884 106.648 166.765 104.503C166.526 100.509 166.556 96.4859 166.288 92.4922C165.662 83.016 158.808 79.7086 148.853 81.3461V89.572C150.432 89.572 151.654 89.572 152.877 89.6015C154.993 89.6309 156.602 90.4365 156.81 92.7912C157.019 94.9367 157.019 97.1117 157.228 99.2883C157.646 103.61 157.883 107.99 158.629 112.252C159.285 115.768 161.699 118.391 164.707 120.536C159.434 124.082 157.883 129.148 157.615 134.841C157.467 138.745 157.377 142.678 157.169 146.613C156.99 150.189 155.739 151.351 152.133 151.44C151.12 151.47 150.136 151.56 149.004 151.62V160.054C151.12 160.054 153.056 160.173 154.993 160.054C161.013 159.696 164.649 156.776 165.841 150.934C166.348 147.715 166.645 144.468 166.735 141.219C166.943 138.239 166.915 135.229 167.212 132.279C167.659 127.659 169.775 125.752 174.394 125.455C174.842 125.395 175.259 125.306 175.677 125.158V115.709C174.901 115.619 174.363 115.531 173.798 115.5Z" fill="#173647"/>
</g>
<defs>
<clipPath id="clip0_0_1">
<rect width="155" height="155" fill="white" transform="translate(51 43)"/>
</clipPath>
</defs>
</svg>
